lat: 35.652832 
lng: 139.839478
